% Trajectory for writing AIR on the wall
function [traj, total_time] = copter_paint_air()

    total_time = 75;
    traj = {[13, 6, -1, 0];
            [13.25, 6, -1, 0]; 
            [13.25, 6, -1, 0, 5, 0, 0];
            [13.25, 7, -4, 0, 5, 0, 0];
            [13.25, 8, -1, 0, 5, 0, 0]
            [13.25, 7.5, -2.1, 0, 5, 0, 0]
            [13.25, 6.2, -2.1, 0, 5, 0, 0]
            [12.8, 6.2, -2.1, 0];
            [12.8, 9.5, -4, 0];
            [13.25, 9.5, -4, 0, 5, 0, 0]; 
            [13.25, 9.5, -1, 0, 5, 0, 0];
            [12.8, 9.5, -1, 0];
            [12.8, 11.5, -1, 0];
            [13.25, 11.5, -1, 0, 5, 0, 0];
            [13.25, 11.5, -4, 0, 5, 0, 0];
            [13.25, 12, -4, 0, 5, 0, 0];
            [13.25, 12.5, -3.5, 0, 5, 0, 0];
            [13.25, 12.5, -3, 0, 5, 0, 0];
            [13.25, 12, -2.5, 0, 5, 0, 0];
            [13.25, 11.5, -2.5, 0, 5, 0, 0];
            [13.25, 13, -1, 0, 5, 0, 0];
            [12.8, 13, -1, 0];
            [10, 10, -4, 0];
            };
end
